1 13594 14452 585
2 3936 4925 141
3 1748 1900 122
4 1354 1443 106
5 1177 1248 113
6 1251 1339 119
7 1426 1497 119
8 1399 1465 110
9 1646 1770 124
10 1779 1837 131
11 3783 3041 124
12 2188 2310 126
13 2493 2641 138
14 2526 2654 135
15 2612 2771 136
16 2440 2564 131
17 2556 2711 148
18 2590 2727 132
19 4220 4419 185
20 4301 4475 165
21 4210 4423 183
22 6070 6207 200
23 4231 4413 165
24 4223 4399 178
25 4178 4388 173
26 4265 4437 180
27 4205 4384 176
28 4243 4438 158
29 4324 4496 175
30 4341 4556 176
31 4347 4544 170
32 4345 4543 181
33 6419 6663 237
34 7211 7436 278
35 7281 7539 304
36 7217 7517 275
37 7196 7468 277
38 7169 7447 271
39 7182 7453 281
40 7217 7503 281
41 7207 7469 267
42 7202 7494 277
43 7224 7525 291
44 8039 8296 316
45 7185 7480 266
46 7200 7521 275
47 7157 7437 297
48 7188 7468 282
49 7177 7492 275
50 7212 7455 292
