34 0.501357 1.-541695 1.-767855 
35 0.487346 0.521370 0.244173 
36 1.-386580 1.-321518 1.-726827 
37 1.-258473 0.544387 0.239191 
38 1.-486615 1.-397573 0.239168 
39 1.-479631 1.-501626 0.258183 
40 0.557416 0.476319 0.241154 
41 1.-487111 1.-408561 0.278198 
42 0.647464 0.504378 0.283201 
43 0.570406 1.-220445 0.336239 
44 0.722513 1.-484616 0.246156 
45 0.605447 0.539403 0.247176 
46 0.868150 0.424318 0.234167 
47 1.-513674 0.467333 0.254161 
48 1.-504650 1.-522641 0.236186 
49 0.497333 0.532378 0.229163 
50 1.-497664 0.415295 0.229165 
