1 0.37024 2.266611 1.-969999 
2 0.26019 0.52016 0.27022 
3 0.23037 0.25015 0.30024 
4 0.29000 0.27048 0.31022 
5 0.24016 0.24015 1.-969979 
6 0.25996 0.23016 0.28019 
7 0.24997 0.27018 0.33007 
8 0.25998 0.24000 0.28021 
9 0.27019 0.25986 0.29041 
10 0.28020 0.33025 0.31023 
11 0.28038 0.49034 0.52036 
12 0.52020 0.46012 1.-946962 
13 0.54036 0.29020 0.33044 
14 0.31042 0.33021 0.34024 
15 0.34025 0.36026 0.36027 
16 0.42030 0.31022 0.31041 
17 0.33023 0.27019 0.33001 
18 0.33023 0.27999 0.30019 
19 0.40028 0.29023 0.33017 
20 0.37027 0.38024 0.39009 
21 0.33021 0.35027 0.37027 
22 0.34025 0.30024 0.38027 
23 0.33003 0.29023 0.36025 
24 0.40029 0.33003 0.34022 
25 0.35023 0.34024 0.33022 
26 0.32024 0.32005 0.33023 
27 0.33004 0.37045 0.69049 
28 0.34024 0.31020 0.32023 
29 0.33023 0.29018 0.33043 
30 0.36025 0.29021 1.-946962 
31 0.48032 0.52037 0.39027 
32 0.52037 0.32023 0.35026 
33 0.41030 0.34024 0.41029 
34 0.38025 0.35024 0.39029 
35 0.39026 0.39030 0.35027 
36 0.37025 0.40029 0.37025 
37 0.39026 0.38027 0.34023 
38 0.70050 0.49034 0.40028 
39 0.41028 0.35026 0.40028 
40 0.40027 0.34045 0.33042 
41 0.38028 0.34027 0.39027 
42 0.38026 0.33023 0.34024 
43 0.39027 0.38026 0.34004 
44 0.38048 0.37024 0.46034 
45 0.49035 0.34023 0.35005 
46 0.36028 0.34007 0.34026 
47 0.36024 1.-966985 0.38028 
48 0.39028 0.34004 0.34022 
49 0.36029 0.32005 0.34043 
50 0.37044 0.33024 0.34024 
